-6 -9 9 12 -16 -19 -14 -9 -14 -12 14 11 19 12 -18 -15 11 -5 -20 15 -19 3 7 19 -19 -3 -7 11 9 15 -17 -16 -13 12 16 -9 14 -19 4 -19 -8 -3 14 -10 -10 17 -5 -17 -7 -2 18 -4 -20 6 -4 -18 -17 10 15 14 6 19 18 13 12 13 -17 7 17 10 9 -12 -14 4 0 -3 2 18 2 16 -5 -1 -7 -3 -13 10 1 -10 1 -4 -15 -12 -4 -18 -20 -13 17 -15 17 13
15 5 -18 -17 -10 5 2 13 2 -17 10 17 4 -18 -5 11 14 19 -18 -4 -4 -13 4 12 -9 4 -20 -12 12 17 -18 6 3 -15 9 14 10 -10 6 -7 -5 -3 -9 20 1 6 10 -5 6 15 13 -19 -19 -3 13 -7 -18 16 3 14 14 5 2 -3 12 -10 -8 1 3 20 14 20 -4 -14 19 17 13 11 -7 -2 5 -14 2 8 5 -4 -20 7 -9 3 1 -15 -10 -16 4 -19 -6 16 5 19
15 0 -20 -10 7 19 -12 -1 11 2 19 -3 8 2 -15 -8 19 -13 -20 -11 13 3 -4 -18 7 20 -17 -17 15 8 -19 9 -12 -19 -20 15 -18 -9 -5 15 13 -5 -6 2 18 -1 16 16 8 16 -14 0 1 3 4 -13 4 8 -10 -1 -3 -6 -11 7 -3 -8 1 1 3 18 -2 -5 -5 12 19 -6 -10 14 -9 20 11 -3 0 -9 -19 -17 -1 6 13 11 -16 -10 -14 -5 17 6 7 0 -14 -11
-1 4 6 16 -3 4 -11 9 -3 0 9 -10 20 -12 1 -20 -7 -19 8 -14 13 14 -2 -20 -11 -4 6 18 18 15 -11 -1 0 15 -6 18 1 4 6 20 -15 -6 -11 -16 4 11 -13 18 14 15 -15 8 9 5 9 20 -18 -6 17 -20 -10 -15 1 11 -18 15 8 3 0 -5 2 8 10 12 12 -5 4 -20 -6 -3 18 -1 -15 6 -15 14 7 -12 -11 5 -12 0 11 11 -8 15 5 -19 -3 -13
-4 19 15 -13 12 8 3 -5 9 17 15 6 -2 20 -7 3 15 20 11 -15 6 -20 7 -4 11 19 -10 -2 20 9 5 -4 10 -1 5 1 -12 -13 19 17 -14 13 4 4 12 19 -14 8 20 18 13 6 20 0 -17 11 -2 -4 -12 0 -16 15 18 14 -5 2 -5 3 10 -5 2 16 -13 -15 -1 -20 -14 7 8 -15 6 2 11 6 -19 15 -4 2 -10 6 -19 -6 0 19 -10 15 2 7 -1 -9
-19 -20 -12 -12 -12 9 -12 -6 -2 18 -1 -17 -1 -10 9 3 -14 -14 -16 -4 12 -13 12 -7 -13 -19 -11 9 8 9 -18 11 9 -8 19 17 -17 -12 -10 1 -13 10 4 9 -19 -7 -9 -13 1 -3 5 -5 6 -2 8 13 0 18 3 -11 6 7 -20 -4 20 -20 -7 -18 -9 3 5 -2 -6 -12 -14 -3 3 -3 4 -16 16 -10 -1 1 9 -12 -5 -10 -15 19 1 13 7 1 -11 8 4 4 12 15
-12 -4 -6 5 5 1 -19 -11 20 8 -7 16 18 14 -2 6 -18 14 16 -11 14 -3 -16 0 20 -5 -12 5 19 20 1 -12 -4 16 13 -18 -4 15 -9 -3 2 7 -8 -1 0 13 -13 4 6 -16 16 -1 3 -19 -20 5 -4 -10 -11 -4 -8 11 4 10 6 -1 12 -17 -7 -16 0 17 11 15 -5 -7 7 4 19 -6 9 14 15 -7 17 15 18 -6 -15 -11 10 -1 20 -4 -12 7 15 20 12 -11
-17 -7 -15 17 -13 2 -11 16 -14 -13 -11 17 -17 -17 -11 20 -20 -11 -6 -15 -2 -15 4 -1 3 14 -13 -3 13 19 8 18 -9 13 14 1 -3 -16 -4 3 -8 8 1 -3 11 12 -2 11 -20 14 18 -2 20 3 17 4 -4 -15 -17 -10 -17 11 -12 -3 6 -17 20 -18 -12 -3 5 2 -16 -13 -20 16 19 -2 8 20 -8 8 -3 -7 -10 -4 17 9 1 20 19 7 13 -12 -15 -2 -8 -16 0 0
1 -14 -17 8 -7 -17 5 -9 1 -8 -10 15 20 10 -11 -8 -13 -14 -18 8 -13 -20 -4 20 -11 1 -1 1 5 19 -18 -12 -16 -13 16 -3 -10 0 11 13 14 -20 8 16 12 17 -11 19 -16 -9 9 -6 -9 -16 -5 2 6 15 -16 -8 13 -14 0 20 -7 -3 -4 5 17 -14 -2 13 -11 -15 8 -20 -17 17 -19 -10 -13 10 4 0 14 19 -18 1 13 -14 14 8 -5 -7 7 10 11 -18 -3 9
-9 15 1 2 -19 -10 4 -14 -14 5 -4 -5 -4 20 16 -10 -20 20 11 13 -15 4 2 2 20 -12 -6 12 -7 11 0 6 7 -17 -13 8 -7 11 14 2 -2 -10 17 14 -9 14 -15 -9 13 17 -14 -20 2 8 4 3 19 18 -6 -9 10 15 17 -4 20 -15 -17 -8 18 20 16 -5 -9 13 -11 2 8 -4 16 1 -8 -17 3 17 13 -14 -1 11 -14 14 -17 16 10 -19 -6 11 -14 -3 -18 -16
-2 19 1 9 13 12 -7 0 -12 -12 -18 0 -9 5 -2 -17 12 20 17 18 13 20 15 4 -19 -12 -6 -11 8 -2 -7 -13 -2 15 17 -10 6 -11 13 16 -1 15 -2 12 0 16 17 -7 15 13 -8 9 13 -14 -6 16 -3 8 -16 -14 -12 0 -7 6 -4 -11 19 -17 0 11 20 19 7 -3 10 -14 -8 9 1 -11 1 13 18 -5 20 -8 -8 -2 -19 -3 4 -11 19 17 18 -6 -12 16 -3 8
8 -2 9 -6 15 0 3 -11 -12 -17 -2 10 17 -3 -14 18 11 -1 -5 15 16 -20 -15 16 17 -18 -11 -16 20 8 15 7 -12 3 -17 -18 -18 6 -7 -9 9 11 -18 5 -10 -12 4 -18 7 -20 17 4 -20 -18 -1 20 -14 10 -17 -14 0 20 15 8 2 18 10 7 3 -17 18 -8 16 -19 19 -13 -11 5 -10 19 5 -14 2 6 -10 -17 5 -3 13 10 3 -8 10 -1 -19 -7 -3 14 20 20
17 19 -7 14 -19 -8 -17 -9 19 -7 -9 3 1 13 -12 12 18 15 -10 11 7 15 -16 -2 -7 -14 11 10 20 13 12 18 13 -16 13 15 -2 16 -13 -4 -10 -2 20 12 -8 -11 5 -10 -14 17 -20 13 11 -14 -10 -15 -6 -18 16 -7 17 9 -8 10 13 -13 6 -9 -18 13 9 -5 -8 10 -12 4 20 13 14 -15 11 16 20 1 -18 -9 6 -4 -7 3 12 -8 -9 -15 -17 -14 -8 9 -1 -3
3 -13 12 15 18 20 0 19 14 -6 -15 4 -9 -16 -14 -7 -5 14 12 10 -3 5 -19 10 12 -16 16 -16 15 -6 3 -1 4 -6 -7 3 -5 16 1 -10 -11 6 16 0 10 -19 16 -14 15 9 16 -7 -5 20 -17 -14 -17 -20 -10 -20 -3 15 -1 -18 -10 15 5 5 10 -15 17 -20 11 12 0 2 13 -3 8 10 -13 5 -18 2 4 -13 9 10 -10 -20 10 7 16 -10 9 -15 -16 -7 13 16
0 11 16 -8 3 -4 14 -3 15 3 -14 -18 -13 -11 4 12 -2 -6 3 8 -3 -6 -4 -8 4 -14 -1 11 1 -7 6 -20 -16 2 -8 9 20 -13 -15 14 10 -8 18 20 3 4 13 -20 18 -5 11 -6 9 -14 8 -6 -7 -11 -16 16 2 11 17 8 -8 -10 -4 -7 -2 2 -14 -11 16 -16 -12 -2 10 -18 0 7 -3 -10 -17 -13 -1 13 2 14 -19 8 9 4 -2 7 -7 12 18 10 -16 -3
-7 -7 8 -12 -1 19 8 -12 -20 -13 17 0 0 20 7 19 13 -10 14 16 19 2 1 -2 -11 15 -8 -12 6 -2 7 19 11 -6 -12 -9 -6 16 -1 -5 -16 -2 15 4 -1 3 4 -7 16 -1 -11 16 -19 10 -7 -8 6 7 2 -9 -15 -12 -9 18 4 -1 -11 -20 -4 10 -5 1 -13 -9 -14 7 16 13 -19 11 -9 -10 6 -6 -18 -19 6 8 10 -11 20 15 -3 -10 15 -17 12 -15 -17 -13
17 0 10 -16 13 19 13 8 11 16 1 -17 -14 -14 -2 -12 -11 -15 18 20 -5 17 16 14 -11 10 19 -18 17 -17 -11 14 3 -19 20 -5 20 14 -15 12 9 6 15 15 14 -6 -16 -17 0 -18 -16 17 -20 20 10 -9 12 11 -7 8 14 5 1 -3 6 0 14 7 -5 -20 -2 -16 6 -6 -20 0 9 -15 5 -12 -11 9 -14 -11 8 18 3 1 8 16 -11 2 0 12 -20 -13 -6 16 14 9
17 -9 13 4 6 14 -15 -4 -20 10 6 -11 0 12 0 -10 9 -18 11 -3 -20 20 -20 0 12 -18 10 -13 18 3 16 16 17 9 2 4 4 7 20 6 -1 5 17 19 -4 -4 -10 -14 1 -19 5 1 -18 7 -18 16 9 12 -18 9 -3 19 6 -7 9 -13 19 -6 17 18 20 -5 4 16 -5 -19 -7 6 -13 16 7 15 -2 11 1 1 7 -8 -6 9 -20 13 7 8 -15 -3 16 -15 11 12
-18 10 -12 8 7 5 9 -18 -10 19 18 19 13 -2 10 -7 -20 -4 7 -6 -14 7 -13 14 -5 -6 -8 -8 2 -17 -15 4 15 -5 -6 4 20 -18 6 -10 -20 5 -10 15 -18 -19 -10 -18 -1 17 -1 6 4 8 1 -20 -17 13 -6 5 18 -1 -9 13 16 5 -2 15 7 -15 -14 10 10 -3 4 15 0 14 19 20 11 -1 7 -4 -14 -13 -2 -8 -19 12 17 20 -8 -13 14 -13 14 -9 -17 3
-4 -10 -8 -13 9 16 -17 -12 12 -16 -13 4 3 16 20 12 -18 -1 -17 -16 -10 -19 -15 4 -9 -20 13 -16 -9 16 7 9 -15 19 18 16 17 -17 -16 10 -13 -7 -7 12 -11 -6 3 -7 13 8 -1 -16 12 4 8 -18 4 2 -14 17 -3 16 7 5 16 5 0 14 8 6 3 17 -19 18 8 -10 -9 -9 5 -15 -20 -16 -11 12 10 19 14 -6 0 -18 -8 20 20 20 4 15 6 -15 9 -5
