size: 500
50 -100 10 -63 23 43 87 -61 -2 9
-5 -96 -98 79 -60 100 -57 -75 64 92
38 96 -34 -32 10 -53 -94 19 45 -32
-71 -56 -81 -11 -69 42 -69 69 31 -21
-23 77 -16 -20 55 -26 -21 98 -1 93
90 -64 89 -45 5 -2 -48 -39 -84 97
-21 97 92 -52 -65 -78 91 -33 91 -29
-4 -82 -53 80 -2 -99 -96 27 50 3
19 39 40 7 44 95 -96 96 -45 72
42 -16 68 33 33 -98 6 -27 -81 -54
44 16 -36 92 -55 12 43 -51 -62 -8
53 8 81 -58 65 24 -64 20 -31 -59
-9 -89 25 -92 -6 -93 -90 50 -20 81
97 -76 -54 -40 66 -9 73 8 -9 61
51 94 -82 31 -65 84 -95 -79 3 -26
-38 44 -15 37 52 30 45 62 -21 75
-8 -25 99 38 -14 14 -71 -92 -78 -30
69 23 -37 88 -47 -2 21 -42 -31 74
-17 -19 17 68 -83 -32 -3 12 80 77
-13 -28 -99 -65 -91 -13 50 89 -5 22
-42 -86 -56 -29 52 -53 19 -28 -44 88
-55 39 -32 62 -44 -14 80 4 48 59
-70 85 -70 -69 71 91 -31 20 29 64
92 88 78 86 -92 -21 83 28 51 89
15 46 27 84 7 34 -81 -14 -63 17
96 -83 2 -75 -52 -78 66 17 -8 -5
-69 -17 -68 59 -32 -60 -62 -100 68 89
90 -67 35 -34 -84 92 100 86 -72 87
2 -77 -97 54 99 -98 76 15 19 -33
-91 0 50 92 -41 68 -69 -3 69 50
-65 58 83 20 -77 49 12 74 34 -10
60 -65 -37 14 90 -89 16 15 26 85
83 -15 -15 -18 -74 44 -50 -42 91 69
58 -75 -24 40 -4 -51 -12 58 -78 72
-53 33 -94 -40 -54 46 -29 62 -39 48
-4 -57 83 81 -25 -91 -26 25 -83 -86
-57 75 -60 -31 -36 -14 19 2 -57 -9
-27 -10 -77 -71 0 -81 76 21 31 -64
-82 -73 -71 -99 -93 4 61 -68 80 28
-54 73 2 -64 -58 16 22 61 68 65
-99 -60 -96 76 -31 4 95 95 -75 26
-70 -57 53 -91 95 10 -36 55 42 94
-18 89 66 34 -76 -93 100 47 18 67
-39 -30 -94 -34 -55 -74 70 -61 -80 45
15 -99 89 -33 61 83 78 -76 -12 -31
-83 20 -43 84 -46 -68 41 -97 29 -91
71 90 -21 27 -95 24 53 76 13 24
-30 -72 25 -42 -55 -15 92 73 -40 -71
-58 -23 49 -51 -90 53 -19 2 57 -91
11 27 50 40 -97 55 -87 57 -20 26
